Sample Run 1

Sampled (ancestral) skill values

[[1. 1. 0. 0. 0. 1. 0.]
 [1. 1. 0. 0. 1. 1. 0.]
 [1. 1. 0. 1. 1. 0. 1.]
 [1. 1. 0. 1. 0. 0. 0.]
 [0. 1. 1. 1. 1. 1. 1.]
 [0. 0. 1. 0. 0. 0. 0.]
 [0. 0. 0. 0. 0. 1. 0.]
 [0. 0. 1. 1. 1. 0. 0.]
 [0. 1. 0. 0. 0. 0. 0.]
 [1. 1. 1. 1. 0. 1. 1.]
 [1. 1. 1. 1. 1. 0. 0.]
 [1. 0. 1. 1. 0. 1. 0.]
 [1. 0. 1. 0. 0. 0. 0.]
 [0. 0. 0. 1. 0. 0. 0.]
 [1. 1. 0. 0. 0. 0. 1.]
 [1. 0. 0. 0. 0. 1. 0.]
 [1. 1. 0. 0. 1. 1. 1.]
 [1. 1. 0. 0. 1. 1. 0.]
 [1. 1. 0. 0. 0. 1. 1.]
 [0. 1. 0. 1. 0. 1. 0.]
 [0. 0. 0. 0. 1. 0. 1.]
 [1. 0. 1. 0. 0. 0. 0.]]

Inference using the samples

[0.9990051375723078, 0.9828242828530515, 3.100776468716252e-05, 2.1833781006666013e-06, 0.8656330480323228, 0.9999939434216385, 5.087284102942026e-05]
[0.999020590873803, 0.9994472431455097, 0.0011165009683465673, 2.1731340308392495e-06, 0.9998775073661904, 0.9999939682151874, 1.6454592785348454e-06]
[0.9999997014471543, 0.999999456020136, 0.0011145159211277788, 0.9997829619371384, 0.9956184034122624, 2.182850791936037e-06, 0.9999996961807094]
[0.9999728561266873, 0.9973454262226978, 0.001114182465257546, 0.9999939557508181, 0.00014209017857267937, 7.876105515424612e-05, 0.0002207009661711115]
[1.2432726586716867e-06, 0.9999999703603912, 0.9994482083554326, 0.9997821701255014, 0.9998777436061724, 0.9997829318081686, 0.999972894469746]
[0.0003130774693407716, 0.00011974615218146131, 0.9994498426470286, 2.1746507667962178e-06, 0.03855148111307587, 0.0028276746147304498, 0.5007697027273584]
[9.90466506164355e-06, 0.13831010305045105, 0.0011083909753205655, 0.0028100423844660805, 0.001648525500088469, 0.9999939736944586, 0.43155905769887815]
[2.424419665642701e-07, 0.00056070692902085, 0.5872289560278814, 0.9997830282419341, 0.9994479819732482, 2.1839532036056336e-06, 0.499344381438868]
[1.7393576722685956e-05, 0.9950358537408286, 0.03852226401796484, 6.041548777969826e-08, 4.0120332371160165e-06, 0.7808711988186562, 0.0025152890557695365]
[0.999999690943803, 0.9999127746157211, 0.9994519138564617, 0.9922200583091432, 3.867461225738257e-06, 0.9999939631418994, 0.9996129801990319]
[0.9990221136517822, 0.9994497355436915, 0.999447472682014, 0.9997827109402869, 0.9998772799702701, 2.1663592914338058e-06, 1.6810145784336487e-06]
[0.9341873857155354, 0.00023060807331902355, 0.9994521939022577, 0.999993964598563, 0.038700444561640755, 0.9997819926557672, 0.03495018355075481]
[0.9999453449067329, 0.00024676787451086867, 0.9994507767144112, 6.032005584832708e-08, 3.099680780061818e-05, 0.09224892692203351, 0.002005375450182527]
[8.741193311385941e-06, 0.004438745380475249, 0.5866747021842682, 0.9999939457632434, 3.098191095199233e-05, 7.839530583866388e-05, 0.49829981260767564]
[0.9999996920375889, 0.9998203276199019, 0.038618437890462584, 7.848564736091012e-05, 0.15275267391557404, 2.182412975240314e-06, 0.9996116530626363]
[0.9980382316664045, 0.008832976422893777, 0.001113304736921036, 0.09187835724888924, 0.001109867276869211, 0.999993966476699, 0.002957190133429418]
[0.9999888787695637, 0.999980716039318, 0.5863859340731904, 7.832812862668656e-05, 0.9998776080445478, 0.9999939666068148, 0.9996133984882839]
[0.9999723067739992, 0.9791755283470741, 0.03849139612541434, 6.02301536612311e-08, 0.9998689371134301, 0.9922459894835185, 0.0013905055383206344]
[0.9999997019152609, 0.9999999330164783, 3.099068223846737e-05, 0.0028126614172412066, 0.00013938703387408112, 0.9922246145576638, 0.9999997014672753]
[0.0006239384831807441, 0.9950382636177033, 3.094979360482954e-05, 0.9999939785684573, 0.00013908118029940054, 0.9999939516598231, 0.0025132030487342626]
[0.011221216820049383, 0.0005643607899788133, 0.03848245172947648, 7.862225666765674e-05, 0.999446732322851, 7.830086866788946e-05, 0.4939373669565742]
[0.9999453254480262, 0.00023781224499459458, 0.9994499820291878, 6.038040895796933e-08, 0.03852366019403053, 2.179916962739391e-06, 0.00200512610588382]
